      6 1 1
      2 2 2
      1 4 14
      1 5 32
      1 5 9
      1 7 38
      1 8 33
      1 8 52
      1 9 20
      1 9 21
      1 9 26
      1 9 33
      1 10 15
      1 10 18
      1 10 33
      1 10 49
      1 11 30
      1 12 19
      1 12 22
      1 12 60
      1 12 64
      1 13 21
      1 13 24
      1 13 42
      1 13 44
      1 13 52
      1 13 56
      1 13 82
      1 14 43
      1 14 45
      1 14 67
      1 15 45
      1 15 47
      1 15 55
      1 15 62
      1 16 34
      1 16 61
      1 16 64
      2 17 35
      1 17 43
      1 17 59
      1 17 61
      1 18 31
      1 18 34
      1 18 57
      1 18 58
      1 18 67
      1 18 72
      1 18 82
      1 18 94
      1 19 39
      1 19 45
      1 19 50
      1 19 52
      1 19 59
      1 19 62
      1 19 64
      1 19 81
      1 20 30
      1 20 38
      1 20 41
      1 20 43
      1 20 46
      1 20 49
      1 20 56
      1 20 65
      1 20 66
      1 20 69
      1 20 96
      1 21 101
      1 21 32
      1 21 46
      1 21 50
      1 21 52
      1 21 54
      1 21 59
      1 21 62
      1 21 67
      1 21 69
      1 21 87
      1 21 88
      1 22 65
      1 22 68
      1 22 76
      1 22 78
      1 22 85
      1 22 97
      1 22 99
      1 23 128
      1 23 38
      1 23 43
      2 23 50
      2 23 53
      1 23 65
      1 23 66
      1 23 72
      1 24 40
      1 24 48
      1 24 56
      1 24 73
      1 24 79
      1 24 86
      1 25 105
      1 25 108
      1 25 110
      1 25 139
      1 25 45
      1 25 67
      1 25 68
      2 25 75
      1 25 78
      1 25 83
      1 25 88
      1 25 96
      1 26 146
      1 26 147
      1 26 50
      1 26 53
      1 26 60
      1 26 70
      2 26 73
      1 26 74
      1 26 90
      1 26 93
      1 27 133
      1 27 139
      1 27 40
      1 27 58
      2 27 64
      1 27 73
      1 27 75
      2 27 76
      1 27 79
      1 27 80
      1 27 82
      1 27 93
      1 28 119
      1 28 120
      1 28 136
      1 28 67
      1 28 75
      1 28 79
      1 28 80
      1 28 81
      1 28 85
      1 28 86
      2 28 92
      1 28 96
      1 29 112
      1 29 42
      1 29 45
      1 29 53
      1 29 68
      1 29 69
      1 29 70
      1 29 75
      2 29 76
      1 29 82
      1 29 85
      1 29 97
      1 29 98
      2 30 102
      1 30 104
      1 30 108
      1 30 122
      1 30 39
      1 30 52
      1 30 62
      2 30 64
      1 30 69
      1 30 75
      1 30 76
      1 30 79
      1 30 91
      1 30 98
      1 31 100
      1 31 102
      1 31 103
      1 31 113
      1 31 117
      1 31 125
      1 31 135
      1 31 50
      1 31 54
      1 31 68
      1 31 69
      2 31 73
      1 31 87
      1 31 92
      1 31 96
      1 31 99
      1 32 105
      1 32 108
      1 32 116
      1 32 135
      1 32 55
      1 32 70
      1 32 78
      1 32 79
      1 32 82
      1 32 87
      1 32 88
      1 32 89
      1 32 92
      1 32 96
      2 33 100
      1 33 114
      1 33 116
      1 33 119
      1 33 128
      1 33 130
      1 33 133
      1 33 141
      1 33 54
      1 33 57
      1 33 69
      1 33 70
      1 33 82
      2 33 87
      1 33 88
      1 33 95
      1 34 101
      1 34 104
      1 34 107
      1 34 110
      1 34 114
      1 34 125
      1 34 141
      1 34 149
      1 34 161
      2 34 61
      1 34 64
      1 34 72
      1 34 77
      1 34 78
      1 34 79
      1 34 87
      2 34 88
      1 34 94
      1 34 95
      1 34 97
      1 34 98
      1 35 100
      1 35 102
      1 35 106
      1 35 113
      1 35 114
      1 35 118
      1 35 124
      1 35 125
      2 35 129
      1 35 49
      1 35 63
      1 35 66
      1 35 83
      2 35 87
      1 35 90
      1 35 91
      2 36 100
      2 36 101
      1 36 108
      1 36 121
      1 36 128
      1 36 144
      1 36 148
      1 36 155
      1 36 58
      2 36 65
      1 36 67
      1 36 68
      1 36 71
      1 36 74
      1 36 79
      1 36 81
      1 36 82
      1 36 92
      1 36 94
      1 36 96
      1 36 97
      1 36 99
      1 37 108
      1 37 111
      1 37 116
      3 37 127
      1 37 139
      1 37 74
      1 37 76
      1 37 87
      1 37 88
      1 37 89
      1 37 98
      1 38 104
      1 38 112
      1 38 113
      1 38 114
      1 38 115
      1 38 124
      1 38 147
      1 38 148
      1 38 149
      1 38 64
      1 38 70
      1 38 72
      1 38 80
      1 38 82
      1 38 83
      1 38 87
      1 38 90
      1 38 98
      1 39 103
      2 39 104
      1 39 110
      1 39 111
      1 39 119
      1 39 122
      1 39 125
      3 39 126
      1 39 132
      1 39 67
      1 39 71
      1 39 80
      3 39 82
      1 39 87
      1 39 89
      1 39 94
      1 39 96
      1 40 101
      1 40 107
      1 40 112
      2 40 116
      1 40 119
      1 40 121
      2 40 122
      1 40 127
      1 40 136
      1 40 158
      1 40 160
      1 40 72
      1 40 75
      1 40 78
      1 40 83
      2 40 98
      2 41 103
      1 41 105
      2 41 108
      2 41 112
      2 41 113
      1 41 134
      1 41 159
      1 41 68
      1 41 75
      1 41 79
      1 41 82
      1 41 85
      1 41 98
      1 42 101
      1 42 102
      1 42 111
      2 42 113
      1 42 118
      1 42 125
      1 42 126
      1 42 133
      1 42 139
      1 42 147
      1 42 179
      1 42 74
      1 42 76
      1 42 82
      1 42 84
      1 42 91
      2 42 93
      1 42 95
      1 42 97
      1 42 98
      2 43 102
      1 43 106
      1 43 107
      1 43 110
      1 43 113
      1 43 115
      2 43 119
      1 43 125
      1 43 130
      1 43 132
      1 43 142
      1 43 143
      1 43 146
      1 43 168
      1 43 178
      1 43 84
      1 43 85
      2 43 98
      1 44 106
      2 44 114
      1 44 115
      1 44 119
      1 44 120
      1 44 132
      2 44 133
      1 44 135
      2 44 140
      1 44 142
      1 44 144
      1 44 154
      1 44 166
      1 44 181
      2 44 91
      1 44 97
      1 44 98
      1 45 102
      1 45 106
      1 45 110
      1 45 111
      1 45 113
      1 45 115
      2 45 117
      1 45 123
      1 45 124
      1 45 128
      1 45 131
      2 45 134
      1 45 135
      2 45 138
      1 45 144
      1 45 151
      1 45 83
      1 45 86
      1 45 91
      1 45 98
      1 46 102
      1 46 103
      1 46 111
      1 46 112
      1 46 115
      2 46 118
      2 46 120
      1 46 121
      1 46 122
      1 46 125
      1 46 128
      1 46 135
      2 46 136
      1 46 149
      1 46 150
      1 46 164
      1 46 170
      1 46 173
      1 46 98
      2 47 100
      1 47 101
      1 47 102
      1 47 103
      1 47 104
      1 47 106
      1 47 107
      1 47 110
      1 47 111
      2 47 112
      1 47 114
      1 47 118
      1 47 123
      1 47 135
      1 47 139
      1 47 152
      1 47 167
      1 47 172
      1 47 76
      1 47 79
      1 47 81
      2 47 83
      1 47 85
      1 48 104
      1 48 108
      1 48 111
      2 48 113
      1 48 116
      1 48 121
      1 48 123
      2 48 124
      1 48 126
      1 48 132
      1 48 133
      1 48 144
      1 48 145
      1 48 147
      1 48 148
      1 48 149
      1 48 153
      1 48 158
      1 48 196
      1 48 71
      1 48 84
      1 48 88
      1 48 96
      2 48 97
      1 49 107
      1 49 113
      1 49 115
      1 49 117
      2 49 119
      1 49 121
      1 49 124
      1 49 128
      1 49 131
      2 49 137
      1 49 138
      1 49 141
      1 49 144
      1 49 146
      1 49 148
      1 49 152
      1 49 157
      1 49 158
      1 49 176
      1 49 182
      1 49 95
      1 49 98
      2 49 99
      1 50 123
      1 50 125
      1 50 127
      1 50 129
      1 50 131
      1 50 132
      1 50 134
      1 50 135
      1 50 141
      1 50 170
      1 50 97
      1 50 98
      1 51 112
      1 51 113
      2 51 119
      1 51 120
      1 51 127
      1 51 131
      1 51 152
      1 51 153
      1 51 155
      1 51 173
      1 51 176
      1 51 89
      2 52 101
      2 52 115
      1 52 116
      2 52 118
      1 52 122
      2 52 125
      1 52 128
      1 52 130
      1 52 132
      1 52 133
      1 52 143
      1 52 149
      1 52 151
      1 52 152
      1 52 183
      1 52 84
      1 52 88
      1 52 98
      1 53 104
      1 53 109
      1 53 111
      1 53 112
      1 53 113
      1 53 122
      1 53 128
      1 53 138
      1 53 140
      1 53 141
      1 53 182
      1 53 183
      1 53 189
      1 53 94
      1 53 95
      1 54 107
      1 54 110
      1 54 112
      1 54 113
      1 54 118
      1 54 119
      1 54 126
      1 54 139
      1 54 142
      1 54 147
      1 54 155
      1 54 157
      1 54 177
      1 54 186
      1 54 82
      1 54 92
      1 55 101
      1 55 102
      1 55 106
      1 55 110
      1 55 113
      1 55 117
      1 55 123
      1 55 125
      2 55 128
      1 55 132
      2 55 138
      1 55 139
      2 55 142
      2 55 149
      1 55 156
      1 55 159
      1 55 164
      1 55 166
      1 55 181
      1 55 202
      1 55 207
      1 56 104
      2 56 105
      1 56 111
      1 56 113
      1 56 116
      1 56 118
      1 56 125
      1 56 131
      1 56 132
      1 56 140
      1 56 141
      1 56 143
      1 56 145
      2 56 147
      1 56 150
      1 56 151
      1 56 155
      1 56 158
      1 56 161
      1 56 94
      1 57 101
      1 57 107
      1 57 120
      1 57 128
      1 57 129
      1 57 132
      1 57 134
      1 57 139
      1 57 140
      2 57 145
      1 57 146
      1 57 147
      1 57 149
      1 57 153
      1 57 158
      1 57 164
      2 57 172
      1 57 174
      1 58 105
      1 58 113
      2 58 115
      1 58 128
      1 58 129
      1 58 133
      1 58 136
      1 58 137
      1 58 141
      3 58 144
      1 58 145
      1 58 147
      1 58 149
      2 58 170
      1 58 171
      1 59 108
      1 59 118
      1 59 124
      1 59 128
      1 59 135
      1 59 137
      2 59 152
      1 59 157
      1 59 158
      1 59 160
      1 59 161
      1 59 173
      1 60 116
      1 60 121
      1 60 129
      1 60 130
      2 60 133
      1 60 139
      1 60 155
      1 60 168
      1 60 178
      1 61 101
      1 61 119
      1 61 120
      1 61 128
      1 61 131
      1 61 134
      1 61 135
      1 61 137
      1 61 142
      1 61 143
      1 61 147
      1 61 151
      1 61 155
      1 61 159
      2 61 167
      1 61 176
      1 61 89
      1 62 104
      1 62 124
      1 62 127
      1 62 133
      1 62 136
      1 62 150
      2 62 156
      1 62 162
      1 62 163
      1 62 165
      1 62 199
      1 63 107
      1 63 118
      1 63 123
      1 63 124
      1 63 125
      1 63 133
      2 63 134
      1 63 143
      1 63 146
      1 63 148
      1 63 164
      1 63 165
      1 63 169
      1 64 122
      1 64 125
      1 64 144
      1 64 145
      1 64 146
      1 64 148
      1 64 151
      1 64 159
      1 64 160
      1 64 168
      1 64 170
      1 64 201
      1 65 110
      2 65 123
      2 65 133
      1 65 139
      1 65 140
      1 65 142
      1 65 143
      1 65 153
      1 65 166
      1 65 171
      1 65 180
      1 65 185
      1 66 122
      1 66 129
      1 66 148
      1 66 149
      1 66 150
      1 66 152
      2 66 154
      2 66 157
      1 66 159
      1 66 162
      1 66 176
      1 66 185
      1 67 112
      1 67 119
      1 67 133
      1 67 139
      1 67 145
      2 67 158
      1 67 162
      1 67 170
      1 67 174
      1 67 179
      1 68 130
      1 68 133
      1 68 137
      1 68 138
      1 68 141
      1 68 142
      1 68 149
      2 68 150
      1 68 152
      1 68 168
      1 68 178
      1 68 193
      1 69 121
      1 69 150
      1 69 157
      1 69 172
      1 69 199
      1 70 130
      1 70 133
      1 70 136
      1 70 138
      1 70 141
      1 70 144
      2 70 149
      2 70 158
      1 70 160
      1 71 141
      1 71 145
      1 71 148
      1 71 150
      1 71 151
      1 71 177
      1 72 122
      1 72 128
      1 72 152
      1 72 171
      1 72 188
      1 73 125
      1 73 127
      1 73 138
      1 73 139
      1 73 142
      1 73 147
      1 73 153
      1 73 159
      1 73 161
      1 73 165
      1 73 172
      1 73 187
      1 73 207
      1 74 126
      1 74 129
      1 74 133
      1 74 138
      1 74 144
      1 74 146
      1 74 148
      1 74 154
      1 74 159
      1 74 184
      1 75 131
      1 75 139
      1 75 144
      1 75 151
      1 75 157
      3 75 164
      1 75 167
      1 75 174
      1 75 176
      1 75 179
      1 75 192
      1 75 199
      2 76 137
      1 76 151
      1 76 164
      1 76 167
      1 77 130
      1 77 147
      1 77 148
      1 78 138
      1 78 143
      1 78 149
      1 78 155
      1 78 168
      1 78 169
      1 78 184
      1 78 187
      1 79 148
      1 79 170
      1 79 210
      1 80 138
      1 80 155
      2 80 169
      1 80 184
      1 80 188
      1 80 189
      1 81 190
      1 83 168
      1 83 174
      1 83 179
      1 84 173
      1 84 181
      1 84 201
      1 85 178
      1 86 157
      1 86 162
      1 86 183
      1 86 185
      1 87 174
      1 88 147
      1 88 163
      1 90 170
      1 91 155
      1 91 163
      1 91 182
      1 92 182
      1 92 184
      1 96 174
      1 96 182
      1 96 190
      1 97 203
      1 133 133
